# 75 düðümlü yönsüz graf (yardým aðý)

1 2
1 3
1 11
2 4
2 5
3 12
3 13
4 6
4 7
5 14
5 15
6 16
7 17
8 18
8 19
9 20
9 21
10 22
10 23
11 15
11 19
12 20
12 24
13 25
13 26
14 27
14 28
15 29
16 30
17 31
18 32
19 33
20 34
21 35
22 36
23 37
24 38
25 39
26 40
27 41
28 42
29 43
30 44
31 45
32 46
33 47
34 48
35 49
36 50
37 51
38 52
39 53
40 54
41 55
42 56
43 57
44 58
45 59
46 60
47 61
48 62
49 63
50 64
51 65
52 66
53 67
54 68
55 69
56 70
57 71
58 72
59 73
60 74
61 75
62 1
63 5
64 10
65 15
66 20
67 25
68 30
69 35
70 40
71 45
72 50
73 55
74 60
75 65
